  -1.5159420e-01
  -1.2115942e-01
  -1.0492754e-01
  -9.1884058e-02
  -6.1159420e-02
  -4.3478261e-03
   5.6811594e-02
   9.7101449e-02
   8.9855072e-02
   4.2608695e-02
  -2.2028985e-02
  -8.7826087e-02
  -1.5797101e-01
  -2.2434783e-01
  -2.6956522e-01
  -3.0057971e-01
  -3.2405797e-01
  -3.6318840e-01
  -4.1217391e-01
  -4.4956522e-01
  -4.6028985e-01
  -4.2057971e-01
  -3.4231884e-01
  -2.5072464e-01
  -1.4231884e-01
  -5.6811594e-02
   5.7971014e-04
   5.4202898e-02
   1.2579710e-01
   2.2318840e-01
   3.1942029e-01
   3.9971014e-01
   4.4985507e-01
   4.7275362e-01
   4.7304348e-01
   4.4608695e-01
   3.8927536e-01
   2.9913043e-01
   1.9710145e-01
   1.2405797e-01
   6.3768116e-02
  -1.6521739e-02
  -1.0869565e-01
  -1.7362319e-01
  -1.9159420e-01
  -1.6231884e-01
  -8.9565217e-02
  -7.2463768e-03
   6.5507246e-02
   1.3014493e-01
   1.7275362e-01
   2.0028985e-01
   2.4753623e-01
   3.1478261e-01
   3.7333333e-01
   4.1623188e-01
   4.1507246e-01
   3.7275362e-01
   2.9942029e-01
   2.0927536e-01
   1.3043478e-01
   5.6231884e-02
  -2.6376811e-02
  -1.3275362e-01
  -2.4898551e-01
  -3.7275362e-01
  -4.7826087e-01
  -5.3043478e-01
  -5.4463768e-01
  -5.3913043e-01
  -5.0753623e-01
  -4.4492753e-01
  -3.5652174e-01
  -2.5855072e-01
  -1.6434783e-01
  -8.8405797e-02
   1.7391304e-03
   1.1101449e-01
   2.1507246e-01
   2.9855072e-01
   3.4840580e-01
   3.5768116e-01
   3.2898551e-01
   2.7014493e-01
   1.9072464e-01
   1.2173913e-01
   5.7971014e-02
  -1.7391304e-03
  -7.2753623e-02
  -1.4434783e-01
  -1.9043478e-01
  -1.8927536e-01
  -1.5594203e-01
  -1.0173913e-01
  -4.0289855e-02
   1.0724638e-02
   7.3913043e-02
   1.3391304e-01
   1.8579710e-01
   2.5072464e-01
   3.4289855e-01
   4.2985507e-01
   4.7913043e-01
   4.8144927e-01
   4.4608695e-01
   3.9826087e-01
   3.5014493e-01
   2.8434782e-01
   1.8463768e-01
   7.7681159e-02
  -1.1304348e-02
  -9.4492753e-02
  -1.8492754e-01
  -2.8057971e-01
  -3.6521739e-01
  -4.1014493e-01
  -4.1391304e-01
  -3.8579710e-01
  -3.1971014e-01
  -2.3391304e-01
  -1.6985507e-01
  -1.2811594e-01
  -7.5652174e-02
  -8.4057971e-03
   6.1739130e-02
   1.1478261e-01
   1.2347826e-01
   1.0463768e-01
   6.6956521e-02
   2.6086956e-03
  -8.5217391e-02
  -1.7072464e-01
  -2.4144927e-01
  -3.0057971e-01
  -3.4956522e-01
  -4.1565217e-01
  -4.9623188e-01
  -5.6695652e-01
  -6.0898550e-01
  -6.0318840e-01
  -5.4695652e-01
  -4.5072464e-01
  -3.4898551e-01
  -2.5072464e-01
  -1.3739130e-01
  -2.1739130e-02
   1.0637681e-01
   2.4753623e-01
   3.9565217e-01
   5.2231884e-01
   6.0898550e-01
   6.5072463e-01
   6.4927536e-01
   6.1942029e-01
   5.3884058e-01
   4.2550724e-01
   3.1768116e-01
   2.2695652e-01
   1.4782609e-01
   3.4782609e-02
  -1.2260870e-01
  -2.7855072e-01
  -3.8260869e-01
  -4.0347826e-01
  -3.7536232e-01
  -3.1652174e-01
  -2.5826087e-01
  -2.1652174e-01
  -1.7594203e-01
  -1.2057971e-01
  -3.1594203e-02
   6.1159420e-02
   1.2985507e-01
   1.5942029e-01
   1.5739130e-01
   1.3101449e-01
   8.2898550e-02
   1.7971014e-02
  -8.1159420e-02
  -1.9043478e-01
  -2.8405797e-01
  -3.7391304e-01
  -4.8637681e-01
  -6.1913043e-01
  -7.7333333e-01
  -8.8753623e-01
  -9.2463768e-01
  -9.2028985e-01
  -8.7913043e-01
  -8.1768116e-01
  -7.2231884e-01
  -6.0724637e-01
  -4.7246377e-01
  -3.2318840e-01
  -1.5913043e-01
   9.2753623e-03
   1.4753623e-01
   2.4637681e-01
   3.0782609e-01
   3.3420290e-01
   3.2956522e-01
   2.9362319e-01
   2.2753623e-01
   1.6550725e-01
   1.1710145e-01
   6.8695652e-02
   2.0289855e-03
  -8.2608695e-02
  -1.6753623e-01
  -2.0463768e-01
  -1.8579710e-01
  -1.2695652e-01
  -6.2898550e-02
  -1.7391304e-02
   1.6521739e-02
   3.6811594e-02
   9.0434782e-02
   1.7913043e-01
   2.9478261e-01
   3.9884058e-01
   4.5710145e-01
   4.7101449e-01
   4.6028985e-01
   4.4434782e-01
   4.0318840e-01
   3.4028985e-01
   2.3217391e-01
   9.9420289e-02
  -2.5507246e-02
  -1.3478261e-01
  -2.6724638e-01
  -4.1188406e-01
  -5.3449275e-01
  -6.2202898e-01
  -6.2724637e-01
  -5.8202898e-01
  -4.9565217e-01
  -3.9449275e-01
  -3.1507246e-01
  -2.3391304e-01
  -1.3768116e-01
  -2.1449275e-02
   1.1217391e-01
   2.4463768e-01
   3.2985507e-01
   3.7391304e-01
   3.8898551e-01
   3.7072464e-01
   3.3391304e-01
   2.7043478e-01
   1.9855072e-01
   1.2173913e-01
   5.0144927e-02
  -2.1449275e-02
  -1.1072464e-01
  -1.9884058e-01
  -2.5913043e-01
  -2.7826087e-01
  -2.4000000e-01
  -1.5855072e-01
  -7.1594203e-02
   8.1159420e-03
   8.0289855e-02
   1.6550725e-01
   2.8695652e-01
   4.4144927e-01
   6.1855072e-01
   7.7913043e-01
   8.7043478e-01
   9.3333333e-01
   9.7420289e-01
   9.6840579e-01
   9.2695652e-01
   8.2811594e-01
   6.9449275e-01
   5.5971014e-01
   4.3391304e-01
   2.8666667e-01
   1.0840580e-01
  -7.6521739e-02
  -2.2028985e-01
  -2.9797101e-01
  -3.1304348e-01
  -2.9304348e-01
  -2.5217391e-01
  -1.7623188e-01
  -1.0289855e-01
  -3.1304348e-02
   5.9130435e-02
   1.7449275e-01
   3.0115942e-01
   4.0666666e-01
   4.7391304e-01
   4.9188406e-01
   4.7043478e-01
   4.3652174e-01
   3.9681159e-01
   3.3971014e-01
   2.4811594e-01
   1.2666667e-01
   0.0000000e+00
  -1.4492754e-01
  -3.1217391e-01
  -4.8956522e-01
  -6.2811594e-01
  -6.9043478e-01
  -6.9043478e-01
  -6.4289855e-01
  -5.8376811e-01
  -5.2202898e-01
  -4.4376811e-01
  -3.5217391e-01
  -2.2144927e-01
  -5.3913043e-02
   1.2202898e-01
   2.7043478e-01
   3.6144927e-01
   4.1884058e-01
   4.5188406e-01
   4.7623188e-01
   4.7391304e-01
   4.1159420e-01
   3.2927536e-01
   2.4028985e-01
   1.4753623e-01
   4.0869565e-02
  -8.8115942e-02
  -1.9536232e-01
  -2.4898551e-01
  -2.5739130e-01
  -2.2289855e-01
  -1.7913043e-01
  -1.5130435e-01
  -1.2376812e-01
  -8.4927536e-02
   4.0579710e-03
   1.3565217e-01
   3.0405797e-01
   4.4028985e-01
   5.2173913e-01
   5.6492753e-01
   5.6666666e-01
   5.6115942e-01
   5.3913043e-01
   4.8057971e-01
   3.7362319e-01
   2.3594203e-01
   9.4782608e-02
  -3.9420290e-02
  -1.8376812e-01
  -3.4057971e-01
  -4.7507246e-01
  -5.6811594e-01
  -6.0898550e-01
  -5.8869565e-01
  -5.4144927e-01
  -4.8608695e-01
  -4.3855072e-01
  -3.8869565e-01
  -2.9304348e-01
  -1.6231884e-01
  -2.5507246e-02
   8.2318840e-02
   1.3623188e-01
   1.6173913e-01
   1.7855072e-01
   1.7710145e-01
   1.3623188e-01
   6.9855072e-02
   1.1594203e-03
  -7.4492753e-02
  -1.7797101e-01
  -3.1449275e-01
  -4.4115942e-01
  -5.3130435e-01
  -5.7333333e-01
  -5.6376811e-01
  -5.2115942e-01
  -4.6202898e-01
  -3.9333333e-01
  -3.1942029e-01
  -2.2202898e-01
  -8.5507246e-02
   9.8260869e-02
   3.0608696e-01
   4.9391304e-01
   6.2666666e-01
   7.0608695e-01
   7.5710145e-01
   7.8840579e-01
   7.8782608e-01
   7.4869565e-01
   6.7275362e-01
   5.5565217e-01
   4.3420290e-01
   3.1304348e-01
   1.6144927e-01
   1.7101449e-02
  -1.5130435e-01
  -3.1623188e-01
  -3.8753623e-01
  -3.9565217e-01
  -3.6724638e-01
  -3.3362319e-01
  -3.0579710e-01
  -2.7797101e-01
  -2.1043478e-01
  -7.2463768e-02
   8.9565217e-02
   2.1507246e-01
   2.8202898e-01
   2.9536232e-01
   2.8434782e-01
   2.7188406e-01
   2.5043478e-01
   2.0869565e-01
   1.4173913e-01
   3.9130435e-02
  -1.2318841e-01
  -3.2985507e-01
  -5.3159420e-01
  -6.8898550e-01
  -7.7797101e-01
  -8.0521739e-01
  -8.0666666e-01
  -7.8753623e-01
  -7.4869565e-01
  -6.9072463e-01
  -5.9884058e-01
  -4.7275362e-01
  -3.0985507e-01
  -1.1072464e-01
   1.0492754e-01
   2.8144927e-01
   4.0289855e-01
   4.7449275e-01
   5.2405797e-01
   5.6173913e-01
   5.7768116e-01
   5.7913043e-01
   5.6086956e-01
   5.3014493e-01
   4.6405797e-01
   3.5652174e-01
   2.3333333e-01
   1.2144927e-01
   4.5507246e-02
   1.6811594e-02
   3.8840580e-02
   6.6956521e-02
   6.8405797e-02
   4.9565217e-02
   4.5507246e-02
   1.0057971e-01
   2.2666667e-01
   3.8782609e-01
   5.1652174e-01
   5.8724637e-01
   6.0637681e-01
   5.9565217e-01
   5.7652174e-01
   5.5072464e-01
   5.1623188e-01
   4.5101449e-01
   3.4405797e-01
   2.1391304e-01
   5.6521739e-02
  -1.1768116e-01
  -2.7536232e-01
  -3.9652174e-01
  -4.6463768e-01
  -4.8637681e-01
  -4.8000000e-01
  -4.5913043e-01
  -4.3681159e-01
  -4.2057971e-01
  -4.0028985e-01
  -3.4927536e-01
  -2.4579710e-01
  -9.8550724e-02
   5.2173913e-02
   1.7275362e-01
   2.3681159e-01
   2.5855072e-01
   2.6521739e-01
   2.6521739e-01
   2.6260869e-01
   2.5536232e-01
   2.2318840e-01
   1.6637681e-01
   6.4347826e-02
  -6.4927536e-02
  -1.7014493e-01
  -2.3652174e-01
  -2.5826087e-01
  -2.3913043e-01
  -1.9739130e-01
  -1.5043478e-01
  -1.0521739e-01
  -3.2753623e-02
   7.1884058e-02
   2.3855072e-01
   4.5478261e-01
   5.9942029e-01
   6.9710145e-01
   7.8666666e-01
   8.4347826e-01
   8.5855072e-01
   8.4782608e-01
   8.1362318e-01
   7.3652174e-01
   6.2608695e-01
   4.9507246e-01
   3.0840580e-01
   9.9710144e-02
  -8.4637681e-02
  -2.3014493e-01
  -3.1913043e-01
  -3.8202898e-01
  -4.1391304e-01
  -4.0985507e-01
  -3.7797101e-01
  -3.2927536e-01
  -2.6463768e-01
  -1.8463768e-01
  -8.6666666e-02
   4.9855072e-02
   2.0202898e-01
   3.2463768e-01
   3.9362319e-01
   4.2144927e-01
   4.0057971e-01
   3.5130435e-01
   2.9449275e-01
   2.2289855e-01
   1.2521739e-01
   5.7971014e-04
  -1.3449275e-01
  -2.5826087e-01
  -3.5971014e-01
  -4.4782608e-01
  -5.0260869e-01
  -5.3942029e-01
  -5.4724637e-01
  -5.2057971e-01
  -4.6086956e-01
  -3.9449275e-01
  -3.1333333e-01
  -1.8376812e-01
  -3.0144927e-02
   1.4347826e-01
   2.9739130e-01
   3.9971014e-01
   4.6173913e-01
   5.1710145e-01
   5.5913043e-01
   5.8434782e-01
   5.8492753e-01
   5.5768116e-01
   5.0405797e-01
   4.1855072e-01
   3.0260869e-01
   1.8869565e-01
   9.7971014e-02
   2.4057971e-02
  -3.9710145e-02
  -9.2753623e-02
  -1.2695652e-01
  -1.4579710e-01
  -1.5623188e-01
  -1.6463768e-01
  -1.6086956e-01
  -1.2753623e-01
  -4.3768116e-02
   6.2608695e-02
   1.6289855e-01
   2.2405797e-01
   2.2347826e-01
   1.9536232e-01
   1.5942029e-01
   1.1797101e-01
   6.1449275e-02
  -1.6231884e-02
  -1.1942029e-01
  -2.4811594e-01
  -3.7739130e-01
  -4.9478261e-01
  -5.9304348e-01
  -6.8550724e-01
  -7.7159420e-01
  -8.5043478e-01
  -9.1913043e-01
  -9.6869565e-01
  -9.9797101e-01
  -1.0000000e+00
  -9.7014492e-01
  -8.7072463e-01
  -6.9101449e-01
  -5.1217391e-01
  -4.0260869e-01
